Matrix file path: ./text/arr.txt
Count: 0
------------
0 0 0 0 0 0 
0 0 0 1 0 0 
0 0 1 1 1 1 
0 0 1 0 1 0 
0 0 0 1 0 0 
0 0 0 0 0 0 

------------
Count: 1
------------
0 0 0 0 0 0 
0 0 1 1 0 0 
0 0 1 0 0 1 
0 0 1 0 0 1 
0 0 0 1 0 0 
0 0 0 0 0 0 

------------
Count: 2
------------
0 0 0 0 0 0 
0 0 1 1 0 0 
0 1 1 0 1 0 
0 0 1 1 1 0 
0 0 0 0 0 0 
0 0 0 0 0 0 

------------
Count: 3
------------
0 0 0 0 0 0 
0 1 1 1 0 0 
0 1 0 0 1 0 
0 1 1 0 1 0 
0 0 0 1 0 0 
0 0 0 0 0 0 

------------
Count: 4
------------
0 0 1 0 0 0 
1 1 1 1 0 0 
0 0 0 0 1 0 
0 1 1 0 1 0 
0 0 1 1 0 0 
0 0 0 0 0 0 

------------
final
------------
0 0 1 1 0 0 
0 1 1 1 0 0 
1 0 0 0 1 1 
0 1 1 0 1 0 
0 1 1 1 0 0 
0 0 1 1 0 0 

------------
                                                                                                                      
┌──(kali㉿kali)-[~/classes/HPC/lab02]
└─$ ./gol.out 5 1
Matrix file path: ./text/arr.txt
Count: 0
------------
0 0 0 0 0 0 
0 0 0 1 0 0 
0 0 1 1 1 0 
0 0 1 0 1 0 
0 0 0 1 0 0 
0 0 0 0 0 0 

------------
Count: 1
------------
0 0 0 0 0 0 
0 0 1 1 1 0 
0 0 1 0 1 0 
0 0 1 0 1 0 
0 0 0 1 0 0 
0 0 0 0 0 0 

------------
Count: 2
------------
0 0 0 1 0 0 
0 0 1 0 1 0 
0 1 1 0 1 1 
0 0 1 0 1 0 
0 0 0 1 0 0 
0 0 0 0 0 0 

------------
Count: 3
------------
0 0 0 1 0 0 
0 1 1 0 1 1 
0 1 1 0 1 1 
0 1 1 0 1 1 
0 0 0 1 0 0 
0 0 0 0 0 0 

------------
Count: 4
------------
0 0 1 1 1 0 
0 1 0 0 0 1 
0 0 0 0 0 0 
0 1 0 0 0 1 
0 0 1 1 1 0 
0 0 0 0 0 0 

------------
final
------------
0 0 1 1 1 0 
1 0 1 1 1 0 
0 0 0 0 0 0 
1 0 1 1 1 0 
0 0 1 1 1 0 
0 0 0 0 0 0 

------------

